3 0.3888888888888889 0.4686192468619247 0.044444444444444446 0.1199442119944212
3 0.26990740740740743 0.4142259414225941 0.04351851851851852 0.11157601115760112
3 0.32083333333333336 0.41004184100418406 0.062037037037037036 0.11157601115760112
3 0.4083333333333333 0.36959553695955366 0.04814814814814815 0.11436541143654114
3 0.47731481481481486 0.36610878661087864 0.06574074074074074 0.1324965132496513
3 0.5333333333333333 0.32496513249651326 0.03333333333333333 0.100418410041841
3 0.6847222222222222 0.24267782426778242 0.05462962962962963 0.11157601115760112
3 0.6083333333333334 0.2880055788005579 0.037037037037037035 0.09902370990237098
3 0.5796296296296296 0.36541143654114366 0.05185185185185186 0.12273361227336123
3 0.6643518518518519 0.5739191073919108 0.062037037037037036 0.09623430962343096
3 0.5671296296296297 0.5146443514644351 0.062037037037037036 0.11157601115760112
3 0.4902777777777778 0.5481171548117154 0.04351851851851852 0.10320781032078102
3 0.1212962962962963 0.691771269177127 0.061111111111111116 0.1394700139470014
3 0.1375 0.5529986052998606 0.049074074074074076 0.12412831241283123
3 0.274537037037037 0.6478382147838214 0.0712962962962963 0.10460251046025104
3 0.2916666666666667 0.5509065550906554 0.0462962962962963 0.14504881450488144
3 0.6476851851851853 0.400976290097629 0.04351851851851852 0.09344490934449093
3 0.48888888888888893 0.8654114365411436 0.03888888888888889 0.1101813110181311
