3 0.9241666666666667 0.5806250000000001 0.04833333333333334 0.06125
3 0.7791666666666667 0.63375 0.055 0.0575
3 0.6833333333333333 0.570625 0.05 0.058750000000000004
3 0.6141666666666667 0.5375 0.04166666666666667 0.0625
3 0.77 0.793125 0.06333333333333334 0.06875
3 0.6091666666666667 0.828125 0.06166666666666667 0.058750000000000004
3 0.5133333333333334 0.8025 0.04666666666666667 0.0475
3 0.42750000000000005 0.7518750000000001 0.05166666666666667 0.058750000000000004
3 0.4891666666666667 0.6743750000000001 0.055 0.06625
3 0.2816666666666667 0.66 0.05 0.05
3 0.5875 0.45125 0.058333333333333334 0.0475
3 0.4708333333333334 0.47750000000000004 0.058333333333333334 0.065
3 0.6516666666666667 0.39937500000000004 0.04 0.06625
3 0.7400000000000001 0.401875 0.05666666666666667 0.07625
3 0.7241666666666667 0.469375 0.04166666666666667 0.05375
3 0.775 0.47250000000000003 0.04666666666666667 0.0675
3 0.7991666666666667 0.14625 0.04833333333333334 0.0575
3 0.7258333333333333 0.07625 0.05166666666666667 0.075
3 0.6791666666666667 0.065625 0.04166666666666667 0.07625
3 0.4766666666666667 0.03625 0.05 0.05
3 0.4525 0.140625 0.05166666666666667 0.05375
3 0.4491666666666667 0.186875 0.055 0.05375
3 0.43750000000000006 0.245625 0.065 0.05375
3 0.5016666666666667 0.33375 0.04666666666666667 0.0525
3 0.3166666666666667 0.120625 0.060000000000000005 0.06125
3 0.17333333333333334 0.069375 0.08 0.058750000000000004
3 0.3216666666666667 0.263125 0.03666666666666667 0.05375
3 0.3691666666666667 0.26687500000000003 0.045000000000000005 0.058750000000000004
3 0.2675 0.27375 0.045000000000000005 0.05
3 0.325 0.33437500000000003 0.05 0.05625
3 0.36500000000000005 0.44375000000000003 0.05 0.0575
