1 0.43828125 0.5270833333333333 0.08281250000000001 0.07916666666666666
1 0.35468750000000004 0.5020833333333333 0.065625 0.09166666666666666
1 0.28750000000000003 0.5291666666666667 0.06875 0.09166666666666666
1 0.22578125000000002 0.575 0.06406250000000001 0.0625
1 0.16953125000000002 0.534375 0.07968750000000001 0.09375
1 0.10234375000000001 0.5416666666666666 0.07968750000000001 0.09166666666666666
1 0.69453125 0.6166666666666667 0.09531250000000001 0.07916666666666666
1 0.7171875000000001 0.453125 0.08125 0.08958333333333333
1 0.8093750000000001 0.396875 0.078125 0.09375
1 0.89375 0.35625 0.096875 0.13333333333333333
1 0.9453125 0.6114583333333333 0.096875 0.12291666666666666
1 0.8421875000000001 0.6239583333333333 0.10625000000000001 0.10625
1 0.5390625 0.6916666666666667 0.09062500000000001 0.12083333333333333
1 0.34296875000000004 0.7041666666666666 0.07968750000000001 0.07916666666666666
1 0.3765625 0.6666666666666666 0.08750000000000001 0.0875
1 0.19296875000000002 0.73125 0.07968750000000001 0.0875
1 0.12890625 0.7239583333333334 0.0734375 0.09375
1 0.040625 0.7875 0.08125 0.1
