3 0.21762948207171315 0.686046511627907 0.15438247011952191 0.11901504787961696
3 0.12201195219123506 0.5738714090287278 0.09661354581673307 0.16826265389876882
3 0.47509960159362546 0.7120383036935705 0.16135458167330677 0.11354309165526676
3 0.6947211155378485 0.26265389876880985 0.0846613545816733 0.13953488372093023
3 0.7375498007968128 0.1409028727770178 0.08864541832669323 0.17783857729138167
3 0.8710159362549801 0.43502051983584133 0.10258964143426294 0.08755129958960328
3 0.9407370517928286 0.35567715458276333 0.10458167330677291 0.18057455540355677
3 0.8331673306772909 0.6757865937072504 0.13844621513944222 0.19425444596443228
3 0.625 0.6956224350205198 0.1145418326693227 0.08071135430916553
3 0.6200199203187251 0.8707250341997264 0.16633466135458166 0.09712722298221614
3 0.37300796812749004 0.8166894664842681 0.08266932270916334 0.16689466484268126
