3 0.6378600823045267 0.2941358024691358 0.05102880658436214 0.07222222222222222
3 0.4024691358024691 0.05740740740740741 0.10041152263374485 0.10246913580246914
3 0.6744855967078189 0.3685185185185185 0.04197530864197531 0.06419753086419754
3 0.47777777777777775 0.3756172839506173 0.056790123456790124 0.07592592592592592
3 0.5304526748971193 0.41234567901234565 0.037037037037037035 0.03950617283950617
3 0.6144032921810699 0.495679012345679 0.0551440329218107 0.06666666666666667
3 0.554320987654321 0.495679012345679 0.0551440329218107 0.06666666666666667
3 0.7193415637860082 0.5546296296296296 0.03621399176954732 0.06234567901234568
3 0.7152263374485597 0.42160493827160495 0.04279835390946502 0.09012345679012346
3 0.6930041152263374 0.7435185185185185 0.05432098765432099 0.07839506172839505
3 0.5736625514403292 0.6558641975308642 0.0411522633744856 0.04876543209876543
3 0.5835390946502057 0.7583333333333333 0.05432098765432099 0.06111111111111111
3 0.7596707818930041 0.6472222222222223 0.03786008230452675 0.046296296296296294
