3 0.5908333333333333 0.44875 0.04833333333333334 0.045
3 0.7350000000000001 0.39875 0.05 0.055
3 0.6541666666666667 0.40125 0.04833333333333334 0.055
3 0.7933333333333333 0.14375000000000002 0.04 0.045
3 0.7266666666666667 0.075 0.043333333333333335 0.0525
3 0.6766666666666667 0.0675 0.04666666666666667 0.055
3 0.4741666666666667 0.040625 0.055 0.05375
3 0.3066666666666667 0.121875 0.060000000000000005 0.051250000000000004
3 0.16083333333333336 0.0625 0.058333333333333334 0.045
3 0.4491666666666667 0.136875 0.055 0.04625
3 0.4441666666666667 0.184375 0.055 0.04875
3 0.4291666666666667 0.2425 0.065 0.0425
3 0.37083333333333335 0.264375 0.03833333333333334 0.04125
3 0.505 0.33125 0.043333333333333335 0.0475
3 0.32583333333333336 0.3275 0.06166666666666667 0.05
3 0.32 0.265625 0.043333333333333335 0.043750000000000004
3 0.265 0.278125 0.04 0.05375
3 0.35583333333333333 0.4475 0.04166666666666667 0.0525
3 0.47250000000000003 0.478125 0.045000000000000005 0.051250000000000004
3 0.7241666666666667 0.468125 0.04166666666666667 0.04875
3 0.7758333333333334 0.47250000000000003 0.045000000000000005 0.0525
3 0.78 0.633125 0.05 0.04875
3 0.6866666666666668 0.564375 0.05333333333333334 0.051250000000000004
3 0.6133333333333334 0.534375 0.05 0.05625
3 0.4841666666666667 0.6725 0.06166666666666667 0.06
3 0.28 0.6575 0.05333333333333334 0.0425
3 0.7608333333333334 0.791875 0.04833333333333334 0.04875
3 0.9275000000000001 0.574375 0.04166666666666667 0.05375
