116003
107037
110054
108029
108011
106138
113049
106058
104040
108142
119075
110060
100053
108063
116017
105028
109038
110071
102017
119055
106012
108204
106098
106122
100043
119049
100017
115039
119062
108169
115016
109098
101142
109073
101188
109004
116067
110056
106091
110058
109040
101017
108027
100028
111025
101205
103009
113059
100073
105005
108162
115067
109010
116007
108140
108021
100081
108024
108069
115051
108201
108049
101084
101028
113045
108032
106131
110055
106032
101097
106023
103035
112045
108117
102039
100065
113031
106016
108172
115055
108019
106013
109031
106124
103005
104016
101054
113057
102020
105029
113061
100023
109059
102030
110026
100064
113047
117002
101057
107036
100008
109085
108062
108122
105002
106130
110035
100024
115062
107003
115068
110072
106006
108185
107008
108161
107025
117003
101045
101033
116054
112061
106005
119089
118001
101031
114024
116020
102013
111001
113052
102023
106150
108195
106057
103026
113053
108033
105044
101201
104045
110013
108079
106088
109044
108138
101206
113030
101073
108056
103044
101147
102029
108183
101133
107020
100020
102021
101048
106021
101011
112059
110002
106063
103033
119009
107017
108102
113002
110031
108070
116024
112009
101027
109090
101209
106062
107018
103046
111018
108072
115035
100021
115038
101122
100029
115021
116048
108087
116030
119059
111026
107012
115060
104019
106030
106056
109069
100030
119023
108144
104047
106096
112036
114004
109012
106089
118008
102026
114014
119060
106103
101040
107010
117013
109063
109107
114020
108155
109111
106111
109043
115004
104031
102041
109007
102001
104023
112023
100054
115065
100071
106027
106140
106038
109035
101115
100036
116029
104037
115009
106037
112062
106141
111007
115046
108052
119078
105041
109089
116061
106148
108134
119028
107007
109064
115054
113001
113008
108139
115024
112064
100044
113020
119002
110029
106044
116009
107002
110009
107028
101070
109022
108040
108145
100078
109071
111016
104002
108058
109060
100042
109103
106026
105032
101003
107015
101062
108124
101096
102012
115063
119047
101189
115006
100007
101046
106112
104030
110025
101072
109091
115026
109061
105017
104018
104039
116028
107022
109006
109086
108035
102040
106097
110001
102024
101118
110043
115032
119081
106074
116063
103041
110059
108170
103017
110057
102016
112069
115066
103028
101102
119026
103007
115019
101074
109023
110005
107033
101200
100070
116053
116066
100010
106042
100006
105021
106139
101007
112047
115053
115037
106082
114023
108026
108089
101180
119067
108136
108123
107041
103012
109080
115052
109055
106105
117008
102015
103010
110041
104044
107031
111023
101134
110012
106106
102038
100014
109102
106129
102004
108047
115013
103015
112072
102014
112052
105034
110048
101019
112010
115007
113055
101174
116037
104003
109045
107039
108005
116042
109082
106069
115058
119051
104029
101025
119063
107009
116012
101105
100052
119082
110015
108116
100076
116011
110022
101090
109066
109097
107006
109112
108164
109054
109014
114006
106071
112048
110061
104020
101120
108001
101124
101137
100037
102002
102007
109026
106123
102037
114026
109005
114005
116065
106039
108196
104009
101192
113015
108120
106064
109011
113046
109047
109067
110019
104005
110014
111009
109021
106087
101185
106070
116031
108082
119024
109009
104011
106093
101123
108016
105037
116068
106126
104007
109076
106101
111020
108129
119038
101009
115031
102036
108110
112051
100016
110023
115017
101108
109019
116044
101208
113026
106065
110010
110070
107004
108159
106018
119033
109099
100019
108084
116008
109017
105014
101199
108009
103038
110039
101207
105001
109108
100068
106019
108148
115011
106115
118004
101112
108034
106146
106132
101129
101165
114001
112029
104014
108044
110017
101173
101060
119012
115028
119077
109018
101113
109003
104028
119074
108154
109001
119066
110036
100047
107024
119001
109024
106075
103006
116052
101012
101004
109025
115029
106009
107019
106049
108085
101193
106035
109100
112043
119016
101150
108106
106149
114027
119008
118007
101210
106001
108003
103045
116019
115043
106004
108014
101171
107014
109075
119057
109062
114021
103043
106151
108179
105020
108135
101126
109034
110028
118006
109032
106031
104034
108090
119005
113063
101183
105004
106108
113017
104015
108088
113006
106102
104022
102022
101024
107032
104035
103002
109058
109049
106028
105045
103034
115049
106085
106147
100034
100061
114022
101125
115048
108045
108068
106043
104010
109016
109110
101043
104041
116002
119042
100077
110033
115008
109095
109088
103016
101191
100001
101107
101086
101157
108187
111010
109077
100082
108176
109087
115034
115003
106094
109105
111015
100051
109020
103025
116006
101132
110074
106116
101109
101064
108036
115018
103024
109068
101094
108013
113019
100031
112030
106033
102025
111004
109002
119083
100045
106003
101100
111005
119007
107005
119070
108057
101114
101130
116025
101117
106072
106020
106092
102003
109008
108165
119095
108151
108132
111002
101032
112017
110006
100066
115045
105040
110052
105011
110004
103027
104033
106060
108097
101089
111022
119092
119058
109030
103014
110046
106145
100005
112057
106095
111012
108012
100018
108002
106045
105009
113025
107034
108023
101087
105031
117004
101023
109028
116051
116038
105003
109029
114003
107030
119021
104043
114009
109096
116023
106025
108039
111024
117010
106029
102032
101135
110062
108141
109052
110068
119080
100002
109081
112074
105013
111003
111017
115033
115041
108041
106119
116058
103003
107023
106079
106135
102018
112032
101066
107040
116043
103011
101002
108192
104021
100035
113067
101187
107029
113044
109094
110065
116064
108099
115050
106040
104004
114015
108020
100075
104006
103008
115022
115014
102006
113014
118010
110040
105025
101093
119010
109106
109072
105022
109041
104017
101176
104036
108137
110045
101058
109104
119031
106050
110053
106061
100049
114017
108054
104046
101156
101071
107021
100011
108128
114010
109015
100079
110044
106090
106024
113035
106054
101163
107027
103042
108131
108092
101186
102019
109013
101167
101042
119015
101095
108076
108167
106011
101143
113027
109084
106048
107011
119034
109033
119045
101014
106120
111014
109039
104008
100004
106068
101036
106066
116001
101162
109070
114019
102034
116036
106081
108066
115044
116069
106059
103021
104013
111021
115001
101051
104049
113005
116062
109046
108008
103001
114007
101076
109078
106015
108043
112037
102031
105024
101018
101091
109101
103040
108025
101083
119053
110049
101081
101138
119054
119039
101104
101106
110003
119069
101015
108098
108149
102042
119084
108010
101039
112001
115020
100027
113068
111013
119090
110064
107013
108126
113004
101001
106142
115042
108051
117001
116070
100080
106118
100069
119088
107001
