1 0.43671875000000004 0.5354166666666667 0.08281250000000001 0.0875
1 0.35468750000000004 0.5104166666666666 0.065625 0.09166666666666666
1 0.28359375000000003 0.5375 0.0671875 0.07916666666666666
1 0.22734375 0.5770833333333333 0.0703125 0.058333333333333334
1 0.17109375000000002 0.540625 0.07968750000000001 0.10208333333333333
1 0.10078125 0.5416666666666666 0.0890625 0.1125
1 0.8054687500000001 0.3989583333333333 0.0765625 0.10208333333333333
1 0.8984375 0.359375 0.1 0.12291666666666666
1 0.70625 0.6239583333333333 0.084375 0.08541666666666667
1 0.53828125 0.6947916666666667 0.0890625 0.13125
1 0.36796875 0.6760416666666667 0.08281250000000001 0.09791666666666667
1 0.940625 0.6114583333333333 0.1 0.13541666666666666
